function [Tipo, njun, s, s0] = Modelagem4J

Tipo = ['R'; 'R'; 'R'; 'R'; 'F'];
njun = 4;
s = [0 0 1; 0 0 1; 0 0 1;0 0 1; 0 0 1];
s0 = [0 0 0; 1 0 0; 2 0 0; 3 0 0; 4 0 0];
%s0 = [0 0 0; 0.25 0 0; 0.5 0 0; 0.75 0 0; 1 0 0; 1.25 0 0; 1.5 0 0];
end