function [Tipo, njun, s, s0] = ModelagemMH5F
Tipo = ['R'; 'R'; 'R'; 'R'; 'R'; 'R'];
njun = 6;
s = [0 0 1; 0 -1 0; 0 -1 0; -1 0 0; 0 -1 0; -1 0 0; 1 0 0];
s0 = [0 0 0; .088 0 0; .088 0 .310; .088 0 .350; .393 0 .350; .473 0 .350; .585 0 .350];
end